58055.2343656 23.1 0.091 705
58055.2872905 22.37 0.112 705
58055.2989208 22.18 0.112 705
58055.3077825 22.22 0.112 705
58055.3144733 22.37 0.073 705
58055.3192313 22.64 0.081 705
58055.3237 22.66 0.099 705
58055.3285231 22.44 0.072 705
58055.3329566 22.55 0.07 705
58055.3373708 22.73 0.071 705
58055.343956 23.12 0.081 705
58055.3543883 23.46 0.11 705
58056.18025 22.892 0.185 G37
58056.1840417 23.3 0.2515 G37
58056.1877917 23.171 0.2285 G37
58056.1924583 23.292 0.243 G37
58056.1962083 23.421 0.2675 G37
58056.1999583 23.427 0.2695 G37
58056.205 23.431 0.2695 G37
58056.20875 23.417 0.2735 G37
58056.2125 23.796 0.376 G37
58056.2163333 24.071 0.495 G37
58056.2200833 23.923 0.438 G37
58056.2238333 24.175 0.5575 G37
58056.227875 24.482 0.796 G37
58056.231625 24.153 0.559 G37
58056.235375 24.387 0.709 G37
58056.2397083 23.873 0.4315 G37
58056.2434583 24.135 0.55 G37
58056.2472083 23.806 0.4035 G37
58056.251125 23.552 0.3335 G37
58056.254875 23.687 0.3625 G37
58056.258625 23.62 0.3495 G37
58056.2627083 22.903 0.199 G37
58056.2664583 23.091 0.2325 G37
58056.2702083 23.233 0.261 G37
58056.274125 22.988 0.217 G37
58056.277875 23.23 0.261 G37
58056.281625 22.69 0.173 G37
58056.2854167 23.18 0.2505 G37
58056.2891667 22.749 0.1835 G37
58056.2929167 22.84 0.1965 G37